Milk Peanut.Butter Bread Cereal Jelly
1 1 1 1 1 1
2 0 1 1 1 1
3 1 1 1 0 1
4 1 1 1 0 1
5 0 1 1 1 1
6 0 1 1 1 1
7 0 1 1 0 1
8 0 1 1 0 1
9 1 1 1 0 1
10 1 1 1 0 1
11 1 1 1 1 1
12 0 1 1 0 1
13 1 1 1 1 1
14 1 1 1 1 1
15 1 1 1 0 1
16 1 1 1 0 1
17 1 1 1 0 1
18 1 1 1 1 1
19 1 1 1 1 1
20 0 1 1 0 1
21 0 1 1 1 1
22 0 1 1 0 1
23 1 1 1 1 1
24 1 1 1 0 1
25 1 1 1 1 1
26 1 1 1 1 1
27 0 1 1 0 1
28 0 1 1 0 1
29 0 1 1 0 1
30 1 1 1 1 1
31 1 1 1 1 1
32 1 1 1 0 1
33 1 1 1 1 1
34 1 1 1 1 1
35 1 1 1 1 1
36 0 1 1 1 1
37 1 1 1 1 1
38 0 1 1 0 1
39 1 1 1 0 1
40 1 1 1 0 1
41 1 1 1 1 1
42 0 1 1 1 1
43 0 1 1 0 1
44 1 1 1 0 1
45 1 1 1 1 1
46 1 1 1 1 1
47 1 1 1 1 1
48 1 1 1 1 1
49 1 1 1 0 1
50 0 1 1 1 1
51 0 1 1 0 1
52 1 1 1 0 1
53 1 1 1 1 1
54 1 1 1 0 1
55 1 1 1 1 1
56 1 1 1 1 1
57 1 1 1 1 1
58 1 1 1 1 1
59 0 1 1 1 1
60 0 1 1 1 1
61 0 1 1 0 1
62 0 1 1 1 1
63 0 1 1 1 1
64 0 1 1 0 1
65 1 1 1 1 1
66 0 1 1 1 1
67 1 1 1 0 1
68 0 1 1 1 1
69 0 1 1 0 1
70 1 1 1 1 1
71 0 1 1 0 1
72 0 1 1 0 1
73 1 1 1 1 1
74 0 1 1 1 1
75 1 1 1 0 1
76 1 1 1 1 1
77 0 1 1 0 1
78 1 1 1 0 1
79 1 1 1 1 1
80 0 1 1 1 1
81 1 1 1 1 1
82 1 1 1 0 1
83 1 1 0 0 1
84 1 1 0 0 1
85 1 1 0 0 1
86 1 1 0 1 1
87 1 1 0 1 1
88 0 1 0 0 1
89 0 1 0 0 1
90 1 1 0 1 1
91 1 1 0 1 1
92 0 1 0 1 1
93 0 1 0 1 1
94 0 1 0 1 1
95 1 1 0 1 1
96 0 1 0 0 1
97 1 1 0 1 1
98 0 1 0 0 1
99 1 1 0 0 1
100 0 1 0 0 1
101 0 0 0 0 0
102 0 0 1 0 0
103 0 0 1 0 0
104 0 0 1 0 0
105 1 0 0 0 1
106 0 0 1 0 0
107 1 0 1 0 0
108 1 0 0 0 0
109 0 0 1 0 1
110 1 0 1 0 1
111 0 0 0 0 1
112 0 0 0 0 1
113 0 0 0 0 1
114 1 0 1 0 1
115 0 0 0 0 1
116 0 0 1 0 1
117 1 0 1 0 1
118 1 0 0 0 1
119 1 0 0 0 1
120 0 0 1 0 0
121 1 0 0 0 0
122 0 0 1 0 1
123 1 0 0 0 0
124 1 0 1 0 1
125 1 0 0 0 1
126 1 0 1 0 1
127 1 0 1 0 0
128 1 0 0 0 1
129 1 0 1 0 1
130 1 0 1 0 0
131 1 0 1 0 0
132 0 0 0 0 0
133 0 0 0 0 1
134 1 0 1 0 0
135 0 0 1 0 0
136 0 0 1 0 0
137 1 0 0 0 1
138 1 0 1 0 0
139 1 0 0 0 0
140 1 0 1 0 1
141 1 0 1 0 1
142 0 0 1 0 1
143 1 0 0 0 1
144 1 0 0 0 0
145 0 0 0 0 0
146 0 0 0 0 1
147 1 0 0 0 1
148 0 0 1 0 1
149 1 0 1 0 0
150 1 0 1 0 0
151 1 0 1 0 0
152 1 0 0 0 1
153 0 0 0 0 0
154 1 0 1 0 0
155 0 0 1 0 1
156 0 0 1 0 0
157 0 0 0 0 0
158 1 0 0 0 0
159 1 0 1 0 1
160 1 0 0 0 0
161 0 0 1 0 1
162 0 0 0 0 1
163 0 0 0 0 1
164 0 0 0 0 1
165 0 0 0 0 1
166 0 0 1 0 0
167 0 0 1 0 0
168 1 0 0 0 0
169 0 0 1 0 0
170 0 0 0 0 0
171 1 0 0 0 1
172 1 0 0 0 1
173 0 0 0 0 1
174 0 0 0 0 1
175 1 0 1 0 1
176 0 0 1 0 0
177 0 0 1 0 1
178 0 0 1 0 0
179 0 0 0 0 1
180 1 0 0 0 0
181 0 0 0 0 1
182 1 0 0 0 0
183 0 0 0 0 1
184 0 0 0 0 1
185 0 0 1 0 1
186 1 0 0 0 0
187 0 0 0 0 1
188 0 0 1 0 1
189 0 0 0 0 1
190 1 0 0 0 1
191 1 0 0 0 0
192 1 0 0 0 0
193 0 0 0 0 0
194 0 0 0 0 0
195 1 0 1 0 1
196 0 0 1 0 1
197 0 0 1 0 0
198 1 0 0 0 1
199 1 0 0 0 0
200 1 0 1 0 1
201 0 0 1 0 0
202 0 0 0 0 0
203 1 0 1 0 1
204 0 0 1 0 1
205 1 0 1 0 1
206 1 0 0 0 1
207 1 0 0 0 0
208 0 0 0 0 1
209 0 0 1 0 0
210 0 0 0 0 0
211 1 0 1 0 0
212 1 0 0 0 1
213 0 0 0 0 1
214 0 0 1 0 1
215 1 0 0 0 0
216 1 0 1 0 1
217 0 0 0 0 1
218 0 0 0 0 0
219 0 0 1 0 1
220 1 0 1 0 0
221 1 0 1 0 1
222 1 0 0 0 1
223 1 0 1 0 0
224 1 0 1 0 1
225 0 0 1 0 1
226 1 0 0 0 1
227 1 0 0 0 0
228 1 0 0 0 1
229 1 0 0 0 0
230 1 0 0 0 0
231 1 0 0 0 1
232 1 0 1 0 0
233 1 0 1 0 0
234 1 0 0 0 0
235 1 0 1 0 1
236 0 0 1 0 1
237 0 0 0 0 0
238 1 0 1 0 0
239 0 0 1 0 0
240 0 0 0 0 1
241 0 0 0 0 1
242 0 0 1 0 1
243 1 0 1 0 0
244 0 0 1 0 1
245 0 0 1 0 0
246 0 0 0 0 1
247 0 0 1 0 0
248 0 0 1 0 1
249 1 0 1 0 1
250 1 0 1 0 0
251 1 0 0 0 0
252 1 0 0 0 0
253 0 0 0 0 1
254 1 0 0 0 0
255 1 0 0 0 0
256 0 0 0 0 0
257 1 0 0 0 1
258 0 0 0 0 1
259 0 0 1 0 0
260 1 0 0 0 0
261 0 0 1 0 0
262 0 0 0 0 1
263 0 0 0 0 1
264 1 0 1 0 1
265 0 0 1 0 0
266 1 0 1 0 0
267 0 0 1 0 1
268 1 0 0 0 1
269 0 0 0 0 0
270 1 0 0 0 0
271 0 0 1 0 0
272 1 0 0 0 0
273 1 0 1 0 0
274 1 0 0 0 0
275 0 0 0 0 1
276 0 0 0 0 0
277 1 0 0 0 1
278 0 0 0 0 0
279 1 0 1 0 0
280 1 0 0 0 0
281 1 0 1 0 1
282 1 0 0 0 1
283 1 0 0 0 0
284 1 0 1 0 1
285 1 0 0 0 0
286 1 0 0 0 0
287 1 0 0 0 0
288 1 0 1 0 0
289 0 0 1 0 1
290 1 0 0 0 0
291 0 0 1 0 1
292 0 0 0 0 1
293 0 0 0 0 1
294 0 0 0 0 1
295 1 0 0 0 1
296 0 0 1 0 1
297 1 0 0 0 0
298 1 0 1 0 0
299 0 0 1 0 0
300 1 0 0 0 0
301 0 0 0 0 1
302 0 0 0 0 1
303 1 0 0 0 1
304 1 0 0 0 1
305 0 0 1 0 1
306 1 0 1 0 1
307 1 0 0 0 0
308 1 0 1 0 0
309 0 0 0 0 1
310 0 0 1 0 1
311 1 0 0 0 1
312 1 0 1 0 1
313 0 0 1 0 0
314 1 0 1 0 1
315 1 0 0 0 1
316 1 0 0 0 0
317 1 0 1 0 0
318 1 0 1 0 1
319 1 0 0 0 0
320 0 0 0 0 0
321 1 0 0 0 1
322 0 0 0 0 1
323 0 0 0 0 1
324 0 0 0 0 1
325 1 0 1 0 1
326 1 0 0 0 0
327 1 0 1 0 0
328 1 0 1 0 1
329 0 0 0 0 0
330 1 0 0 0 0
331 1 0 1 0 1
332 1 0 1 0 1
333 1 0 1 0 1
334 1 0 1 0 1
335 1 0 1 0 0
336 1 0 0 0 1
337 0 0 0 0 0
338 1 0 0 0 0
339 1 0 0 0 1
340 0 0 1 0 1
341 0 0 0 0 0
342 1 0 1 0 0
343 1 0 0 0 0
344 1 0 0 0 1
345 0 0 1 0 0
346 1 0 0 0 0
347 1 0 1 0 1
348 1 0 0 0 0
349 0 0 0 0 1
350 1 0 1 0 1
351 0 0 0 0 1
352 1 0 0 0 1
353 1 0 1 0 1
354 0 0 0 0 1
355 1 0 0 0 1
356 0 0 1 0 1
357 1 0 1 0 0
358 1 0 0 0 1
359 1 0 1 0 0
360 1 0 1 0 1
361 1 0 0 0 1
362 0 0 1 0 1
363 0 0 0 0 1
364 0 0 0 0 1
365 0 0 1 0 1
366 1 0 1 0 0
367 1 0 0 0 0
368 1 0 1 0 1
369 1 0 0 0 0
370 0 0 0 0 0
371 1 0 0 0 0
372 1 0 0 0 1
373 0 0 1 0 1
374 1 0 0 0 0
375 1 0 0 0 1
376 1 0 0 0 1
377 1 0 0 0 1
378 1 0 1 0 1
379 1 0 1 0 1
380 1 0 1 0 0
381 1 0 1 0 1
382 0 0 1 0 0
383 0 0 0 0 1
384 1 0 1 0 1
385 1 0 1 0 1
386 1 0 0 0 0
387 0 0 0 0 1
388 0 0 0 0 0
389 0 0 1 0 0
390 0 0 1 0 0
391 0 0 1 0 1
392 1 0 0 0 1
393 1 0 0 0 1
394 1 0 1 0 1
395 1 0 1 0 1
396 1 0 0 0 1
397 0 0 0 0 1
398 1 0 0 0 1
399 1 0 1 0 0
400 1 0 1 0 0
401 0 0 1 0 1
402 1 0 0 0 1
403 0 0 1 0 0
404 1 0 0 0 1
405 1 0 1 0 1
406 1 0 1 0 0
407 0 0 1 0 1
408 1 0 0 0 0
409 0 0 1 0 0
410 1 0 0 0 1
411 1 0 0 0 0
412 1 0 0 0 0
413 1 0 0 0 1
414 0 0 0 0 1
415 1 0 1 0 1
416 1 0 1 0 1
417 0 0 0 0 1
418 0 0 0 0 0
419 1 0 0 0 0
420 1 0 0 0 0
421 1 0 1 0 1
422 1 0 0 0 1
423 1 0 0 0 0
424 1 0 1 0 0
425 0 0 1 0 1
426 0 0 1 0 0
427 0 0 0 0 1
428 1 0 1 0 1
429 1 0 1 0 1
430 1 0 0 0 1
431 1 0 0 0 0
432 1 0 0 0 1
433 0 0 1 0 1
434 0 0 0 0 1
435 1 0 0 0 1
436 0 0 1 0 1
437 0 0 0 0 1
438 0 0 1 0 1
439 1 0 0 0 1
440 0 0 0 0 1
441 1 0 0 0 1
442 1 0 1 0 1
443 1 0 0 0 1
444 1 0 0 0 1
445 1 0 0 0 0
446 1 0 0 0 0
447 1 0 1 0 1
448 1 0 1 0 1
449 1 0 0 0 1
450 1 0 1 0 0
451 0 0 1 0 1
452 0 0 1 0 1
453 1 0 1 0 0
454 1 0 0 0 0
455 0 0 0 0 0
456 1 0 0 0 0
457 1 0 0 0 0
458 1 0 1 0 0
459 0 0 0 0 1
460 0 0 0 0 0
461 0 0 1 0 0
462 0 0 1 0 0
463 1 0 0 0 1
464 1 0 1 0 0
465 0 0 1 0 1
466 1 0 0 0 0
467 1 0 0 0 0
468 1 0 0 0 1
469 1 0 0 0 0
470 1 0 1 0 1
471 1 0 0 0 0
472 1 0 1 0 1
473 1 0 1 0 1
474 1 0 0 0 0
475 1 0 0 0 1
476 1 0 0 0 1
477 1 0 1 0 0
478 1 0 1 0 0
479 0 0 1 0 0
480 0 0 0 0 1
481 0 0 1 0 0
482 1 0 0 0 0
483 1 0 1 0 1
484 1 0 0 0 1
485 1 0 0 0 0
486 0 0 1 0 0
487 0 0 1 0 0
488 1 0 0 0 1
489 1 0 0 0 0
490 0 0 0 0 0
491 0 0 1 0 0
492 0 0 0 0 1
493 1 0 1 0 0
494 1 0 0 0 0
495 0 0 1 0 0
496 1 0 1 0 1
497 1 0 0 0 1
498 1 0 1 0 1
499 0 0 1 0 0
500 1 0 0 0 1
501 0 0 0 0 1
502 0 0 0 0 1
503 1 0 1 0 1
504 1 0 1 0 0
505 0 0 0 0 1
506 1 0 0 0 0
507 1 0 0 0 1
508 0 0 0 0 0
509 1 0 1 0 1
510 0 0 1 0 1
511 0 0 0 0 1
512 1 0 0 0 1
513 0 0 0 0 1
514 1 0 1 0 0
515 1 0 1 0 1
516 0 0 0 0 1
517 1 0 0 0 1
518 0 0 1 0 1
519 0 0 1 0 1
520 1 0 1 0 0
521 1 0 0 0 0
522 0 0 1 0 0
523 0 0 0 0 1
524 1 0 0 0 0
525 0 0 1 0 0
526 0 0 0 0 1
527 1 0 0 0 1
528 1 0 0 0 1
529 1 0 1 0 1
530 1 0 1 0 0
531 1 0 0 0 1
532 1 0 1 0 1
533 1 0 1 0 0
534 0 0 1 0 0
535 0 0 0 0 1
536 1 0 1 0 0
537 1 0 0 0 1
538 1 0 0 0 0
539 1 0 1 0 0
540 0 0 0 0 1
541 0 0 1 0 1
542 0 0 1 0 1
543 1 0 1 0 1
544 1 0 0 0 0
545 1 0 1 0 1
546 0 0 0 0 1
547 1 0 1 0 1
548 1 0 1 0 0
549 1 0 1 0 1
550 0 0 0 0 1
551 1 0 0 0 0
552 0 0 1 0 0
553 1 0 1 0 1
554 1 0 1 0 0
555 1 0 0 0 0
556 0 0 0 0 0
557 1 0 0 0 0
558 0 0 0 0 0
559 0 0 1 0 0
560 0 0 1 0 0
561 0 0 0 0 0
562 1 0 1 0 1
563 0 0 1 0 1
564 1 0 1 0 0
565 1 0 1 0 0
566 1 0 1 0 0
567 1 0 0 0 1
568 0 0 1 0 1
569 1 0 1 0 1
570 1 0 1 0 0
571 0 0 0 0 1
572 1 0 0 0 1
573 1 0 1 0 1
574 0 0 0 0 0
575 0 0 0 0 0
576 0 0 1 0 0
577 0 0 0 0 0
578 1 0 1 0 1
579 0 0 1 0 0
580 0 0 1 0 0
581 0 0 0 0 1
582 0 0 0 0 0
583 1 0 1 0 1
584 0 0 1 0 0
585 1 0 0 0 1
586 1 0 1 0 1
587 1 0 1 0 1
588 0 0 1 0 1
589 0 0 0 0 1
590 0 0 0 0 1
591 0 0 0 0 0
592 1 0 0 0 0
593 0 0 1 0 0
594 0 0 1 0 1
595 0 0 1 0 1
596 1 0 1 0 0
597 1 0 0 0 1
598 1 0 1 0 0
599 1 0 1 0 0
600 1 0 1 0 0
601 0 0 0 1 0
602 0 0 1 1 0
603 0 0 0 1 0
604 1 0 0 1 1
605 1 0 0 1 0
606 1 0 0 1 1
607 0 0 0 1 1
608 0 0 1 1 0
609 1 0 0 1 1
610 1 0 0 1 1
611 1 0 1 0 0
612 0 0 1 1 1
613 1 0 1 1 0
614 0 0 1 1 1
615 0 0 0 1 1
616 0 0 0 0 1
617 0 0 0 1 1
618 0 0 1 1 0
619 0 0 1 1 0
620 1 0 0 0 1
621 0 0 0 1 1
622 1 0 1 1 1
623 0 0 0 1 1
624 1 0 0 1 1
625 0 0 0 1 1
626 1 0 0 1 0
627 1 0 1 1 0
628 1 0 0 0 1
629 1 0 1 0 0
630 0 0 0 1 1
631 1 0 1 1 0
632 1 0 1 1 1
633 0 0 1 1 0
634 0 0 1 1 1
635 0 0 0 1 1
636 0 0 1 1 0
637 1 0 0 1 1
638 0 0 1 0 1
639 1 0 0 1 1
640 1 0 1 1 0
641 0 0 1 1 1
642 0 0 0 1 0
643 1 0 0 1 0
644 1 0 1 1 1
645 0 0 0 1 1
646 0 0 1 1 1
647 0 0 1 1 1
648 0 0 0 1 0
649 1 0 0 1 1
650 0 0 0 0 0
651 0 0 1 1 0
652 1 0 0 0 0
653 1 0 0 1 1
654 1 0 0 1 0
655 1 0 1 1 0
656 1 0 1 1 1
657 1 0 1 1 0
658 1 0 0 1 0
659 1 0 1 1 1
660 1 0 0 1 1
661 1 0 0 1 0
662 1 0 0 0 1
663 1 0 1 0 1
664 1 0 1 1 1
665 0 0 0 0 0
666 0 0 0 1 1
667 0 0 0 1 0
668 0 0 1 0 0
669 1 0 0 1 1
670 0 0 0 1 1
671 1 0 1 0 0
672 0 0 0 1 0
673 0 0 0 1 0
674 0 0 0 0 1
675 1 0 1 1 0
676 1 0 0 1 1
677 0 0 1 1 0
678 0 0 1 1 0
679 1 0 1 0 1
680 1 0 1 1 0
681 1 0 0 1 1
682 0 0 1 1 1
683 1 0 1 1 1
684 0 0 1 1 0
685 1 0 0 1 1
686 1 0 1 0 1
687 1 0 1 1 1
688 1 0 0 1 1
689 0 0 0 1 0
690 1 0 0 1 1
691 1 0 0 1 0
692 0 0 1 0 1
693 0 0 1 1 1
694 1 0 0 1 1
695 1 0 1 1 0
696 1 0 1 1 1
697 1 0 1 1 1
698 1 0 0 1 0
699 1 0 1 0 0
700 0 0 0 1 0
701 0 0 0 1 1
702 1 0 0 1 0
703 1 0 0 1 1
704 1 0 1 1 1
705 1 0 1 1 1
706 0 0 0 1 1
707 1 0 0 1 1
708 1 0 1 1 0
709 1 0 0 0 1
710 1 0 0 1 1
711 0 0 0 1 1
712 1 0 0 0 0
713 1 0 0 0 0
714 0 0 0 1 0
715 0 0 1 1 1
716 1 0 0 1 0
717 0 0 0 1 1
718 0 0 1 1 0
719 1 0 1 1 0
720 0 0 1 0 0
721 0 0 1 1 0
722 0 0 0 1 1
723 1 0 0 1 1
724 1 0 0 1 1
725 1 0 0 1 1
726 0 0 1 1 0
727 1 0 1 1 1
728 1 0 1 1 1
729 1 0 1 1 1
730 1 0 0 1 0
731 0 0 1 1 0
732 1 0 0 1 0
733 0 0 0 1 1
734 1 0 0 1 1
735 1 0 1 1 0
736 1 0 0 1 0
737 0 0 1 1 1
738 1 0 0 1 1
739 1 0 1 1 0
740 1 0 0 1 0
741 1 0 1 0 0
742 1 0 0 1 1
743 0 0 1 1 1
744 1 0 0 0 0
745 1 0 1 0 0
746 1 0 0 1 1
747 0 0 0 1 0
748 1 0 0 1 0
749 0 0 1 1 0
750 1 0 0 0 0
751 1 0 0 1 0
752 1 0 1 1 1
753 1 0 0 0 0
754 0 0 0 1 0
755 1 0 1 1 1
756 1 0 1 0 0
757 0 0 0 1 1
758 0 0 0 1 0
759 1 0 1 1 0
760 1 0 1 1 0
761 1 0 1 1 0
762 1 0 1 0 0
763 0 0 1 1 1
764 0 0 0 1 0
765 1 0 0 1 1
766 1 0 0 1 1
767 1 0 1 1 1
768 1 0 0 0 1
769 1 0 0 1 1
770 0 0 1 1 1
771 0 0 0 1 0
772 1 0 0 1 0
773 0 0 1 1 1
774 1 0 0 0 0
775 1 0 0 1 1
776 0 0 0 1 1
777 0 0 0 1 1
778 0 0 0 1 1
779 1 0 0 1 1
780 0 0 1 1 1
781 0 0 0 1 1
782 0 0 1 1 0
783 0 0 1 1 1
784 1 0 0 1 0
785 1 0 1 0 1
786 0 0 0 1 1
787 1 0 0 0 1
788 0 0 1 1 0
789 1 0 0 1 0
790 0 0 0 0 0
791 0 0 1 1 0
792 1 0 1 1 1
793 0 0 1 1 1
794 1 0 0 1 0
795 1 0 0 1 1
796 1 0 1 1 1
797 1 0 0 0 0
798 0 0 0 1 0
799 0 0 0 1 1
800 0 0 0 1 1
801 1 0 1 0 1
802 1 0 0 0 0
803 1 0 0 1 0
804 1 0 1 1 1
805 0 0 0 1 1
806 1 0 1 1 0
807 1 0 0 1 0
808 0 0 1 0 0
809 1 0 0 1 0
810 1 0 0 1 0
811 1 0 1 1 1
812 0 0 0 1 1
813 0 0 0 1 1
814 1 0 1 0 0
815 0 0 1 1 1
816 1 0 1 1 1
817 1 0 1 0 0
818 1 0 0 1 0
819 1 0 0 0 1
820 1 0 0 1 1
821 1 0 1 0 1
822 0 0 1 1 1
823 1 0 0 1 1
824 1 0 1 0 1
825 0 0 0 1 1
826 0 0 0 1 0
827 1 0 1 0 1
828 0 0 0 0 1
829 1 0 1 1 1
830 0 0 0 1 1
831 0 0 1 0 0
832 1 0 1 1 1
833 0 0 0 1 0
834 1 0 1 1 0
835 0 0 1 1 1
836 0 0 0 1 1
837 1 0 0 1 1
838 0 0 0 1 0
839 1 0 0 1 1
840 0 0 0 1 1
841 1 0 0 1 1
842 1 0 0 1 1
843 0 0 0 1 0
844 1 0 0 1 0
845 1 0 1 0 0
846 0 0 0 0 1
847 1 0 1 1 1
848 1 0 1 0 1
849 1 0 0 0 0
850 0 0 1 1 1
851 1 0 0 0 1
852 0 0 0 1 1
853 1 0 1 1 1
854 0 0 0 0 0
855 0 0 1 1 1
856 1 0 0 1 1
857 0 0 0 0 0
858 0 0 1 1 1
859 1 0 1 0 0
860 0 0 0 0 1
861 0 0 1 1 0
862 1 0 0 0 0
863 1 0 0 1 0
864 1 0 0 0 1
865 1 0 0 1 1
866 0 0 1 1 1
867 0 0 1 1 0
868 1 0 0 1 0
869 1 0 0 1 0
870 1 0 1 1 1
871 1 0 0 1 1
872 1 0 1 1 0
873 0 0 0 1 0
874 1 0 1 1 1
875 1 0 0 1 0
876 0 0 0 1 1
877 0 0 0 1 0
878 0 0 0 0 1
879 1 0 1 1 0
880 0 0 1 1 1
881 1 0 1 1 0
882 0 0 1 1 0
883 1 0 0 1 1
884 0 0 1 1 0
885 1 0 0 1 1
886 0 0 0 1 0
887 1 0 1 1 1
888 1 0 0 1 0
889 1 0 1 1 1
890 1 0 1 1 1
891 1 0 0 0 0
892 1 0 1 1 1
893 1 0 0 0 1
894 1 0 0 1 1
895 1 0 0 0 0
896 0 0 1 1 0
897 1 0 0 1 0
898 1 0 1 1 1
899 0 0 0 1 0
900 0 0 0 0 1
901 0 0 0 0 1
902 1 0 1 1 1
903 1 0 0 0 1
904 0 0 0 1 0
905 0 0 1 1 1
906 0 0 0 1 1
907 0 0 0 1 1
908 1 0 1 0 1
909 1 0 0 0 1
910 1 0 0 1 1
911 0 0 0 0 1
912 0 0 1 1 1
913 0 0 1 1 0
914 1 0 0 0 1
915 1 0 0 0 0
916 1 0 0 1 0
917 1 0 0 1 1
918 0 0 0 1 1
919 0 0 0 1 1
920 0 0 0 1 0
921 0 0 0 1 0
922 1 0 1 0 0
923 1 0 0 1 1
924 0 0 0 1 1
925 1 0 1 1 1
926 0 0 1 1 1
927 0 0 1 1 0
928 1 0 1 1 1
929 1 0 1 1 1
930 0 0 0 1 0
931 0 0 1 1 0
932 1 0 0 1 1
933 1 0 1 1 0
934 0 0 0 1 0
935 1 0 1 0 0
936 1 0 1 1 0
937 1 0 1 0 1
938 0 0 1 1 1
939 1 0 0 0 1
940 1 0 1 1 1
941 1 0 0 1 0
942 0 0 0 1 1
943 0 0 1 0 0
944 0 0 1 1 1
945 1 0 0 1 0
946 1 0 1 1 0
947 0 0 1 1 1
948 0 0 0 1 0
949 0 0 0 1 0
950 1 0 0 0 1
951 1 0 0 1 1
952 0 0 0 1 1
953 1 0 0 1 1
954 0 0 1 1 1
955 1 0 0 0 1
956 1 0 0 1 1
957 1 0 1 1 0
958 1 0 1 1 1
959 0 0 1 1 0
960 1 0 0 1 1
961 0 0 0 1 1
962 0 0 1 1 1
963 0 0 1 1 0
964 1 0 0 0 1
965 0 0 0 0 0
966 1 0 1 1 0
967 0 0 1 0 1
968 1 0 1 1 0
969 0 0 0 1 1
970 0 0 0 1 1
971 1 0 1 1 1
972 1 0 0 1 1
973 0 0 1 1 1
974 0 0 0 1 1
975 1 0 0 0 1
976 1 0 1 0 1
977 1 0 0 1 1
978 0 0 0 1 1
979 1 0 0 1 1
980 0 0 1 1 1
981 1 0 0 0 1
982 1 0 1 0 0
983 1 0 0 1 0
984 1 0 0 1 0
985 1 0 1 1 1
986 1 0 0 1 0
987 0 0 0 1 0
988 0 0 1 1 1
989 0 0 0 1 1
990 0 0 1 1 1
991 1 0 0 1 1
992 1 0 0 1 0
993 1 0 0 1 0
994 0 0 1 1 1
995 0 0 0 1 1
996 1 0 0 1 1
997 1 0 0 0 0
998 0 0 1 1 1
999 1 0 1 1 1
1000 0 0 0 1 1
1001 1 0 1 1 0
1002 0 0 1 1 0
1003 1 0 0 1 0
1004 0 0 0 1 1
1005 1 0 0 0 0
1006 1 0 1 1 0
1007 1 0 1 1 0
1008 1 0 1 1 0
1009 1 0 0 1 1
1010 0 0 0 1 1
1011 0 0 1 1 0
1012 0 0 0 1 1
1013 1 0 0 1 1
1014 0 0 1 0 0
1015 1 0 1 1 0
1016 0 0 0 1 1
1017 0 0 0 1 0
1018 0 0 1 1 1
1019 1 0 0 0 1
1020 1 0 0 0 0
1021 1 0 0 1 0
1022 0 0 0 1 1
1023 0 0 1 1 1
1024 1 0 0 0 0
1025 0 0 1 0 1
1026 1 0 0 0 1
1027 1 0 0 1 1
1028 1 0 0 1 1
1029 1 0 0 1 0
1030 0 0 0 1 0
1031 0 0 0 1 1
1032 0 0 1 0 1
1033 1 0 0 1 0
1034 1 0 1 1 0
1035 1 0 1 1 0
1036 1 0 1 0 1
1037 0 0 1 0 0
1038 0 0 1 1 0
1039 1 0 1 1 0
1040 0 0 0 1 0
1041 1 0 1 1 0
1042 0 0 0 1 0
1043 0 0 0 1 1
1044 1 0 0 1 1
1045 0 0 0 1 1
1046 1 0 1 0 1
1047 1 0 1 1 1
1048 1 0 0 1 0
1049 1 0 1 1 1
1050 1 0 0 1 0
1051 1 0 0 0 1
1052 1 0 0 1 0
1053 1 0 1 1 0
1054 0 0 0 0 1
1055 0 0 1 1 1
1056 1 0 0 1 1
1057 1 0 0 1 0
1058 1 0 0 1 0
1059 1 0 1 1 1
1060 1 0 0 1 0
1061 0 0 0 0 0
1062 0 0 1 1 0
1063 1 0 0 1 1
1064 1 0 1 1 1
1065 1 0 1 1 0
1066 1 0 1 1 1
1067 1 0 0 1 0
1068 0 0 1 0 0
1069 1 0 1 1 0
1070 1 0 1 1 1
1071 1 0 0 0 0
1072 0 0 0 1 0
1073 1 0 0 0 0
1074 1 0 1 1 0
1075 0 0 0 1 1
1076 0 0 0 1 1
1077 1 0 0 0 0
1078 0 0 1 1 1
1079 1 0 0 1 0
1080 1 0 1 1 1
1081 1 0 1 1 1
1082 0 0 1 1 1
1083 1 0 1 1 0
1084 1 0 1 1 1
1085 1 0 1 1 1
1086 1 0 0 1 0
1087 1 0 0 1 1
1088 1 0 1 0 0
1089 0 0 1 1 1
1090 0 0 1 1 1
1091 0 0 0 0 0
1092 0 0 0 1 0
1093 1 0 0 1 1
1094 0 0 1 1 1
1095 1 0 0 1 0
1096 0 0 1 1 1
1097 0 0 1 1 0
1098 0 0 0 1 1
1099 1 0 0 1 0
1100 0 0 1 1 0
1101 0 0 1 1 1
1102 1 0 1 1 1
1103 0 0 0 0 0
1104 0 0 0 1 1
1105 0 0 1 1 0
1106 0 0 0 0 1
1107 0 0 1 0 0
1108 0 0 0 1 1
1109 0 0 0 1 1
1110 0 0 0 0 0
1111 0 0 1 0 1
1112 1 0 0 1 0
1113 1 0 1 1 1
1114 0 0 1 1 1
1115 0 0 0 0 0
1116 0 0 1 1 1
1117 0 0 0 0 1
1118 0 0 0 1 0
1119 1 0 0 1 0
1120 0 0 0 0 1
1121 0 0 0 0 1
1122 0 0 0 1 1
1123 0 0 0 0 1
1124 1 0 0 1 0
1125 1 0 0 1 1
1126 0 0 0 1 1
1127 0 0 0 1 1
1128 0 0 1 1 0
1129 0 0 1 1 0
1130 0 0 0 1 0
1131 0 0 1 1 1
1132 0 0 1 1 1
1133 0 0 1 0 0
1134 0 0 0 1 1
1135 1 0 1 0 0
1136 1 0 0 1 0
1137 1 0 0 1 0
1138 0 0 0 1 1
1139 1 0 1 0 1
1140 0 0 0 1 0
1141 0 0 1 1 0
1142 0 0 0 1 1
1143 0 0 1 0 0
1144 0 0 0 0 0
1145 0 0 0 1 1
1146 0 0 0 1 1
1147 1 0 1 1 1
1148 0 0 0 0 0
1149 1 0 0 0 0
1150 0 0 1 1 1
1151 0 0 1 1 0
1152 1 0 0 1 1
1153 0 0 1 1 0
1154 0 0 0 0 1
1155 1 0 0 1 1
1156 0 0 1 0 0
1157 0 0 0 0 0
1158 0 0 0 1 0
1159 0 0 0 1 1
1160 0 0 0 1 1
1161 1 0 1 1 1
1162 0 0 0 1 1
1163 0 0 1 1 1
1164 0 0 0 1 1
1165 1 0 0 1 1
1166 0 0 0 1 1
1167 0 0 0 1 0
1168 1 0 0 1 1
1169 0 0 1 1 1
1170 0 0 0 0 1
1171 0 0 0 1 1
1172 0 0 0 1 1
1173 0 0 1 0 1
1174 0 0 0 1 1
1175 1 0 0 1 1
1176 0 0 0 1 1
1177 0 0 0 1 1
1178 0 0 0 1 1
1179 0 0 0 1 0
1180 0 0 1 1 1
1181 0 0 0 0 1
1182 0 0 0 0 1
1183 0 0 0 1 1
1184 0 0 0 1 1
1185 0 0 1 1 0
1186 0 0 1 1 1
1187 0 0 0 0 1
1188 0 0 0 1 0
1189 0 0 0 1 1
1190 1 0 0 0 0
1191 1 0 0 0 1
1192 1 0 1 1 1
1193 0 0 0 1 0
1194 0 0 0 1 1
1195 0 0 1 0 0
1196 0 0 0 1 1
1197 0 0 1 1 1
1198 0 0 0 0 1
1199 1 0 1 1 0
1200 1 0 0 1 0
1201 0 0 1 1 1
1202 0 0 1 1 1
1203 0 0 1 1 1
1204 0 0 1 0 1
1205 0 0 0 1 0
1206 0 0 1 0 1
1207 0 0 0 1 1
1208 0 0 0 1 1
1209 0 0 0 1 1
1210 0 0 1 1 1
1211 0 0 0 1 1
1212 0 0 0 1 1
1213 1 0 0 1 1
1214 0 0 1 1 1
1215 0 0 0 1 1
1216 0 0 0 1 1
1217 0 0 1 1 1
1218 0 0 0 1 0
1219 0 0 0 1 0
1220 0 0 1 0 1
1221 1 0 1 0 1
1222 1 0 1 1 1
1223 0 0 1 0 1
1224 0 0 1 1 0
1225 0 0 1 1 1
1226 0 0 1 1 0
1227 0 0 1 0 1
1228 0 0 1 1 0
1229 0 0 0 1 1
1230 0 0 0 1 1
1231 0 0 1 1 1
1232 0 0 1 0 1
1233 1 0 0 1 1
1234 1 0 1 0 1
1235 0 0 1 1 0
1236 0 0 0 1 1
1237 0 0 1 1 1
1238 0 0 1 1 0
1239 0 0 0 1 1
1240 0 0 1 1 0
1241 1 0 0 1 0
1242 0 0 1 1 0
1243 0 0 0 1 0
1244 1 0 1 1 0
1245 0 0 0 1 1
1246 0 0 0 0 1
1247 0 0 1 1 1
1248 0 0 0 1 0
1249 0 0 0 1 1
1250 1 0 0 1 1
1251 0 0 1 1 0
1252 0 0 1 0 1
1253 0 0 0 1 1
1254 1 0 1 1 1
1255 0 0 1 1 1
1256 1 0 1 1 1
1257 0 0 0 1 0
1258 0 0 1 1 1
1259 1 0 0 1 1
1260 0 0 0 1 1
1261 0 0 0 1 0
1262 0 0 0 1 1
1263 0 0 0 0 1
1264 0 0 0 1 0
1265 0 0 1 1 1
1266 0 0 1 1 0
1267 0 0 0 1 0
1268 0 0 0 1 1
1269 0 0 1 1 0
1270 0 0 0 1 1
1271 0 0 0 1 0
1272 0 0 0 1 1
1273 1 0 1 1 1
1274 0 0 1 1 0
1275 0 0 0 1 1
1276 0 0 1 0 1
1277 0 0 0 1 1
1278 0 0 0 1 0
1279 0 0 0 1 0
1280 0 0 0 1 0
1281 0 0 0 0 1
1282 0 0 0 1 1
1283 0 0 0 0 1
1284 0 0 1 1 1
1285 0 0 0 1 1
1286 0 0 0 1 0
1287 0 0 1 0 0
1288 0 0 0 1 0
1289 0 0 1 1 1
1290 0 0 1 1 1
1291 0 0 1 1 1
1292 0 0 0 1 1
1293 1 0 1 1 1
1294 0 0 1 1 0
1295 0 0 0 1 1
1296 0 0 0 1 1
1297 0 0 0 1 0
1298 0 0 1 1 1
1299 0 0 1 1 0
1300 1 0 0 0 1
1301 0 0 0 1 0
1302 0 0 0 1 1
1303 0 0 0 0 0
1304 1 0 1 1 1
1305 1 0 0 1 0
1306 1 0 1 1 1
1307 1 0 0 0 1
1308 1 0 0 1 0
1309 0 0 1 1 1
1310 1 0 0 0 1
1311 0 0 0 1 1
1312 0 0 1 1 0
1313 0 0 1 1 1
1314 0 0 1 1 0
1315 0 0 0 1 1
1316 1 0 0 1 1
1317 0 0 1 1 1
1318 1 0 0 1 1
1319 0 0 0 1 1
1320 0 0 0 1 0
1321 0 0 0 1 0
1322 0 0 1 0 1
1323 0 0 1 1 0
1324 0 0 1 0 0
1325 1 0 0 1 1
1326 0 0 1 1 1
1327 0 0 1 1 1
1328 0 0 0 0 0
1329 0 0 0 1 1
1330 0 0 1 1 1
1331 0 0 1 1 1
1332 0 0 1 1 0
1333 1 0 1 1 0
1334 0 0 1 1 0
1335 0 0 0 1 1
1336 0 0 0 1 1
1337 0 0 1 1 1
1338 0 0 1 0 0
1339 1 0 0 1 0
1340 1 0 0 1 1
1341 0 0 1 1 1
1342 1 0 0 1 0
1343 0 0 0 1 1
1344 1 0 1 0 1
1345 0 0 1 0 0
1346 0 0 0 1 1
1347 0 0 1 1 1
1348 0 0 0 1 1
1349 0 0 0 1 1
1350 0 0 0 1 1
1351 0 0 1 1 0
1352 0 0 0 1 1
1353 1 0 0 1 0
1354 0 0 1 1 1
1355 0 0 0 1 0
1356 0 0 0 1 0
1357 0 0 0 1 0
1358 0 0 0 1 1
1359 0 0 1 0 0
1360 0 0 0 1 1
1361 0 0 1 1 0
1362 0 0 1 1 1
1363 0 0 1 1 0
1364 0 0 1 1 1
1365 0 0 0 1 0
1366 0 0 0 1 0
1367 0 0 1 0 1
1368 0 0 0 0 0
1369 0 0 0 1 1
1370 0 0 1 1 1
1371 0 0 0 0 1
1372 1 0 0 1 1
1373 0 0 1 1 0
1374 0 0 1 0 0
1375 0 0 1 1 1
1376 0 0 0 1 0
1377 0 0 1 1 0
1378 0 0 1 1 1
1379 0 0 0 1 0
1380 0 0 1 1 1
1381 0 0 0 0 1
1382 0 0 0 1 0
1383 0 0 1 1 0
1384 0 0 0 0 0
1385 0 0 0 1 1
1386 0 0 0 1 0
1387 0 0 0 0 0
1388 0 0 0 1 1
1389 0 0 0 1 0
1390 0 0 0 1 1
1391 0 0 1 0 1
1392 0 0 0 1 1
1393 0 0 1 1 0
1394 0 0 1 1 0
1395 1 0 1 1 1
1396 0 0 0 1 1
1397 1 0 1 1 0
1398 0 0 0 1 0
1399 1 0 0 0 1
1400 0 0 0 1 0
1401 0 0 1 1 0
1402 0 0 1 1 1
1403 0 0 0 0 0
1404 1 0 0 1 1
1405 0 0 0 1 1
1406 0 0 0 1 1
1407 0 0 1 0 1
1408 1 0 0 1 1
1409 0 0 0 1 1
1410 0 0 1 1 1
1411 1 0 1 1 0
1412 1 0 0 1 1
1413 0 0 1 1 0
1414 0 0 1 1 0
1415 0 0 1 1 1
1416 1 0 0 1 1
1417 0 0 0 1 1
1418 0 0 0 1 0
1419 0 0 1 1 1
1420 1 0 1 1 0
1421 0 0 0 1 0
1422 0 0 0 0 0
1423 0 0 0 0 1
1424 0 0 1 0 1
1425 1 0 1 1 1
1426 0 0 1 0 0
1427 1 0 1 1 1
1428 0 0 1 1 0
1429 0 0 1 0 0
1430 0 0 0 0 0
1431 0 0 0 1 1
1432 1 0 0 1 1
1433 0 0 1 1 0
1434 0 0 0 1 1
1435 1 0 1 0 1
1436 0 0 1 1 1
1437 0 0 0 1 0
1438 1 0 1 0 0
1439 0 0 0 0 0
1440 0 0 1 0 0
1441 1 0 1 1 0
1442 0 0 1 1 0
1443 0 0 1 1 1
1444 0 0 1 1 1
1445 0 0 0 0 0
1446 0 0 0 1 1
1447 0 0 1 0 1
1448 0 0 0 0 0
1449 0 0 1 0 1
1450 1 0 0 1 0
1451 0 0 1 1 1
1452 0 0 1 1 1
1453 0 0 1 1 0
1454 0 0 1 1 0
1455 0 0 0 1 1
1456 1 0 0 0 0
1457 0 0 1 1 1
1458 0 0 0 1 1
1459 0 0 0 1 1
1460 0 0 1 0 0
1461 0 0 1 1 1
1462 1 0 0 1 1
1463 0 0 0 1 1
1464 1 0 0 1 1
1465 0 0 1 0 1
1466 0 0 0 1 1
1467 1 0 0 1 0
1468 0 0 0 1 1
1469 0 0 0 0 1
1470 0 0 0 0 0
1471 0 0 1 1 0
1472 0 0 0 0 0
1473 0 0 1 1 1
1474 1 0 1 0 1
1475 0 0 1 0 1
1476 1 0 1 1 0
1477 0 0 1 1 0
1478 0 0 0 0 1
1479 0 0 0 1 0
1480 1 0 1 1 1
1481 0 0 1 1 0
1482 0 0 0 1 1
1483 0 0 0 0 1
1484 0 0 1 1 0
1485 0 0 1 1 1
1486 0 0 1 0 1
1487 1 0 1 1 1
1488 0 0 0 1 1
1489 0 0 1 1 0
1490 0 0 1 1 1
1491 0 0 1 1 0
1492 0 0 1 1 0
1493 0 0 1 1 1
1494 0 0 1 1 1
1495 0 0 1 1 0
1496 0 0 0 1 0
1497 0 0 1 1 1
1498 1 0 1 1 1
1499 0 0 1 1 1
1500 0 0 1 1 1
1501 1 0 0 1 0
1502 0 0 1 1 1
1503 0 0 0 1 1
1504 0 0 1 0 0
1505 0 0 1 1 0
1506 0 0 1 1 0
1507 0 0 0 1 0
1508 0 0 0 1 0
1509 1 0 0 0 0
1510 0 0 1 1 0
1511 0 0 1 0 0
1512 0 0 0 1 0
1513 0 0 1 1 0
1514 0 0 0 1 0
1515 0 1 0 0 0
1516 0 0 0 0 0
1517 0 1 1 1 0
1518 1 0 1 0 0
1519 0 0 1 1 0
1520 0 1 0 0 0
1521 0 1 1 1 0
1522 0 1 0 1 0
1523 0 0 1 0 0
1524 0 0 1 1 0
1525 0 1 0 0 0
1526 1 1 0 1 0
1527 0 1 0 0 0
1528 0 0 0 1 0
1529 0 0 1 0 0
1530 0 1 0 1 0
1531 0 0 0 1 0
1532 1 1 0 1 0
1533 1 0 1 1 0
1534 1 1 1 1 0
1535 0 0 0 1 0
1536 0 0 1 1 0
1537 1 1 0 0 0
1538 0 1 0 1 0
1539 0 0 1 1 0
1540 0 1 1 1 0
1541 0 1 1 0 0
1542 0 1 1 0 0
1543 0 1 0 1 0
1544 0 0 0 1 0
1545 0 1 1 1 0
1546 0 0 1 1 0
1547 1 1 1 1 0
1548 0 1 1 1 0
1549 0 1 0 1 0
1550 0 1 0 1 0
1551 0 0 1 0 0
1552 0 1 1 1 0
1553 0 1 1 1 0
1554 0 0 0 1 0
1555 0 0 0 1 0
1556 0 1 0 0 0
1557 0 0 1 1 0
1558 0 0 0 1 0
1559 0 0 0 1 0
1560 1 1 0 1 0
1561 0 1 0 1 0
1562 0 1 0 1 0
1563 0 1 0 1 0
1564 0 0 0 1 0
1565 0 1 0 1 0
1566 0 0 0 1 0
1567 0 0 1 1 0
1568 0 0 0 0 0
1569 0 0 0 0 0
1570 0 1 0 1 0
1571 0 1 0 1 0
1572 1 1 1 0 0
1573 0 0 1 1 0
1574 0 1 0 1 0
1575 0 1 1 1 0
1576 0 0 0 1 0
1577 0 1 1 1 0
1578 0 1 0 0 0
1579 0 0 0 0 0
1580 0 0 0 1 0
1581 0 1 0 1 0
1582 0 0 0 1 0
1583 0 0 0 1 0
1584 1 1 1 0 0
1585 0 1 0 1 0
1586 0 1 1 0 0
1587 0 0 1 0 0
1588 0 1 0 1 0
1589 0 0 0 1 0
1590 0 0 1 1 0
1591 0 1 0 1 0
1592 0 0 0 1 0
1593 0 1 1 1 0
1594 0 0 0 0 0
1595 0 0 1 1 0
1596 0 0 0 1 0
1597 0 0 1 1 0
1598 0 0 1 1 0
1599 0 0 1 1 0
1600 0 1 0 1 0
1601 0 1 0 0 0
1602 0 1 0 0 0
1603 0 1 1 0 0
1604 0 1 1 0 0
1605 0 1 1 0 0
1606 0 1 0 0 0
1607 1 1 1 0 0
1608 0 1 0 0 0
1609 1 0 0 0 0
1610 0 1 1 0 0
1611 0 0 1 0 0
1612 0 1 1 0 0
1613 1 1 1 0 0
1614 0 0 1 0 0
1615 0 0 1 0 0
1616 0 0 0 0 0
1617 0 0 0 0 0
1618 0 1 1 0 0
1619 0 0 1 0 0
1620 0 0 0 0 0
1621 0 1 0 0 0
1622 1 0 0 0 0
1623 1 1 0 0 0
1624 0 0 0 0 0
1625 0 1 1 0 0
1626 0 0 1 0 0
1627 0 1 0 0 0
1628 1 0 0 0 0
1629 0 0 0 0 0
1630 0 1 0 0 0
1631 0 0 0 0 0
1632 0 1 0 0 0
1633 0 0 1 0 0
1634 0 1 1 0 0
1635 1 1 0 0 0
1636 0 0 0 0 0
1637 0 0 0 0 0
1638 0 0 1 0 0
1639 1 1 1 0 0
1640 0 0 1 0 0
1641 0 1 1 0 0
1642 0 0 1 0 0
1643 0 1 0 0 0
1644 0 1 0 0 0
1645 0 1 1 0 0
1646 0 1 0 0 0
1647 0 0 0 0 0
1648 1 0 1 0 0
1649 0 0 0 0 0
1650 0 0 0 0 0
1651 0 0 0 0 0
1652 1 1 1 0 0
1653 1 1 0 0 0
1654 1 1 0 0 0
1655 0 1 1 0 0
1656 0 1 0 0 0
1657 0 1 1 0 0
1658 0 0 0 0 0
1659 0 1 1 0 0
1660 0 1 0 0 0
1661 1 0 0 0 0
1662 0 1 1 0 0
1663 1 1 0 0 0
1664 0 1 0 0 0
1665 0 0 1 0 0
1666 0 1 1 0 0
1667 0 1 0 0 0
1668 0 0 0 0 0
1669 1 0 1 0 0
1670 0 0 0 0 0
1671 0 0 0 0 0
1672 0 1 0 0 0
1673 0 1 1 0 0
1674 0 0 0 0 0
1675 0 1 1 0 0
1676 0 1 0 0 0
1677 1 0 1 0 0
1678 0 0 1 0 0
1679 0 0 0 0 0
1680 0 1 0 0 0
1681 0 1 0 0 0
1682 0 1 0 0 0
1683 0 0 1 0 0
1684 1 1 0 0 0
1685 0 0 0 0 0
1686 0 0 0 0 0
1687 0 1 0 0 0
1688 0 0 0 0 0
1689 0 0 0 0 0
1690 0 0 0 0 0
1691 0 1 0 0 0
1692 0 1 1 0 0
1693 0 1 1 0 0
1694 0 0 0 0 0
1695 1 1 1 0 0
1696 0 1 1 0 0
1697 0 0 1 0 0
1698 0 1 0 0 0
1699 1 0 1 0 0
1700 0 0 0 0 0
1701 1 0 1 0 0
1702 0 0 1 0 0
1703 0 0 0 0 0
1704 0 1 0 0 0
1705 0 0 1 0 0
1706 0 1 1 0 0
1707 0 0 1 0 0
1708 0 1 1 0 0
1709 0 0 1 0 0
1710 0 1 0 0 0
1711 1 1 0 0 0
1712 0 1 1 0 0
1713 0 0 0 0 0
1714 0 1 0 0 0
1715 0 0 0 0 0
1716 0 1 1 0 0
1717 0 1 1 0 0
1718 0 1 0 0 0
1719 0 0 1 0 0
1720 0 1 1 0 0
1721 0 0 0 0 0
1722 1 0 0 0 0
1723 1 0 0 0 0
1724 0 1 1 0 0
1725 0 0 0 0 0
1726 0 1 0 0 0
1727 0 1 0 0 0
1728 0 1 1 0 0
1729 0 0 0 0 0
1730 0 1 0 0 0
1731 0 1 0 0 0
1732 1 1 1 0 0
1733 0 1 1 0 0
1734 0 0 0 0 0
1735 0 1 1 0 0
1736 0 1 0 0 0
1737 0 0 1 0 0
1738 0 0 1 0 0
1739 0 0 1 0 0
1740 0 0 0 0 0
1741 0 1 0 0 0
1742 0 1 0 0 0
1743 0 1 1 0 0
1744 0 0 0 0 0
1745 1 1 0 0 0
1746 0 1 0 0 0
1747 0 1 1 0 0
1748 0 1 1 0 0
1749 0 1 0 0 0
1750 0 1 1 0 0
1751 0 1 0 0 0
1752 0 1 0 0 0
1753 0 0 0 0 0
1754 0 0 1 0 0
1755 0 1 1 0 0
1756 0 0 1 0 0
1757 1 0 1 0 0
1758 0 1 0 0 0
1759 0 0 1 0 0
1760 0 0 0 0 0
1761 0 0 1 0 0
1762 0 0 0 0 0
1763 0 1 1 0 0
1764 0 1 1 0 0
1765 0 1 0 0 0
1766 0 0 0 0 0
1767 0 0 0 0 0
1768 0 1 1 0 0
1769 0 1 1 0 0
1770 0 0 0 0 0
1771 0 0 1 0 0
1772 0 1 0 0 0
1773 0 1 1 0 0
1774 1 0 0 0 0
1775 0 0 1 0 0
1776 0 1 0 0 0
1777 0 0 0 0 0
1778 0 1 0 0 0
1779 0 1 0 0 0
1780 1 0 1 0 0
1781 0 1 0 0 0
1782 0 1 0 0 0
1783 0 0 0 0 0
1784 1 0 0 0 0
1785 0 0 0 0 0
1786 0 0 1 0 0
1787 0 0 0 0 0
1788 0 1 0 0 0
1789 0 1 1 0 0
1790 0 0 0 0 0
1791 0 1 1 0 0
1792 0 1 1 0 0
1793 0 1 0 0 0
1794 0 1 0 0 0
1795 0 0 0 0 0
1796 0 0 1 0 0
1797 1 0 1 0 0
1798 1 1 1 0 0
1799 0 1 0 0 0
1800 0 1 0 0 0
1801 0 1 0 0 0
1802 0 1 0 0 0
1803 0 0 0 0 0
1804 0 0 1 0 0
1805 0 1 0 0 0
1806 0 0 0 0 0
1807 0 0 0 0 0
1808 1 0 1 0 0
1809 0 0 0 0 0
1810 0 1 0 0 0
1811 0 0 0 0 0
1812 0 1 1 0 0
1813 0 1 0 0 0
1814 0 1 1 0 0
1815 0 1 0 0 0
1816 0 0 0 0 0
1817 0 0 0 0 0
1818 0 0 0 0 0
1819 0 1 0 0 0
1820 0 1 0 0 0
1821 1 0 0 0 0
1822 0 0 0 0 0
1823 0 1 0 0 0
1824 0 1 1 0 0
1825 0 0 1 0 0
1826 0 1 0 0 0
1827 0 1 1 0 0
1828 0 0 0 0 0
1829 0 1 1 0 0
1830 0 0 1 0 0
1831 0 0 1 0 0
1832 1 1 0 0 0
1833 1 1 1 0 0
1834 0 0 1 0 0
1835 0 0 1 0 0
1836 0 0 1 0 0
1837 0 1 1 0 0
1838 0 1 1 0 0
1839 0 0 1 0 0
1840 0 0 1 0 0
1841 0 0 0 0 0
1842 1 0 0 0 0
1843 0 0 1 0 0
1844 0 1 0 0 0
1845 0 1 0 0 0
1846 0 1 0 0 0
1847 0 1 1 0 0
1848 0 1 0 0 0
1849 0 0 0 0 0
1850 0 0 0 0 0
1851 0 1 1 0 0
1852 0 1 1 0 0
1853 1 0 1 0 0
1854 0 0 0 0 0
1855 0 1 1 0 0
1856 0 1 1 0 0
1857 0 0 0 0 0
1858 0 1 1 0 0
1859 0 0 0 0 0
1860 0 1 0 0 0
1861 0 0 1 0 0
1862 0 0 1 0 0
1863 0 1 1 0 0
1864 0 0 0 0 0
1865 0 0 1 0 0
1866 0 1 0 0 0
1867 0 1 0 0 0
1868 0 0 0 0 0
1869 0 0 0 0 0
1870 1 1 1 0 0
1871 0 0 0 0 0
1872 0 0 0 0 0
1873 0 1 0 0 0
1874 0 1 0 0 0
1875 0 0 0 0 0
1876 0 1 0 0 0
1877 1 1 0 0 0
1878 0 0 1 0 0
1879 0 1 0 0 0
1880 0 0 1 0 0
1881 1 1 0 0 0
1882 0 1 1 0 0
1883 1 1 0 0 0
1884 0 0 0 0 0
1885 0 1 0 0 0
1886 1 1 1 0 0
1887 1 1 0 0 0
1888 0 0 1 0 0
1889 0 1 1 0 0
1890 0 0 1 0 0
1891 0 0 1 0 0
1892 0 0 0 0 0
1893 1 0 0 0 0
1894 0 0 1 0 0
1895 0 0 0 0 0
1896 0 1 0 0 0
1897 0 1 0 0 0
1898 0 0 1 0 0
1899 0 1 1 0 0
1900 0 1 1 0 0
1901 0 1 1 0 0
1902 0 0 0 0 0
1903 0 0 0 0 0
1904 0 1 0 0 0
1905 0 0 0 0 0
1906 0 1 1 0 0
1907 0 0 1 0 0
1908 1 0 0 0 0
1909 1 1 0 0 0
1910 0 1 0 0 0
1911 1 1 0 0 0
1912 1 1 1 0 0
1913 0 1 0 0 0
1914 0 1 1 0 0
1915 0 1 1 0 0
1916 1 0 0 0 0
1917 0 1 1 0 0
1918 0 0 1 0 0
1919 0 0 1 0 0
1920 0 0 0 0 0
1921 1 0 0 0 0
1922 0 1 1 0 0
1923 0 1 1 0 0
1924 0 1 0 0 0
1925 1 1 0 0 0
1926 0 1 0 0 0
1927 0 1 1 0 0
1928 0 0 0 0 0
1929 0 1 0 0 0
1930 0 1 0 0 0
1931 0 1 0 0 0
1932 0 0 1 0 0
1933 1 0 1 0 0
1934 0 1 1 0 0
1935 0 0 1 0 0
1936 0 1 0 0 0
1937 0 1 0 0 0
1938 0 0 1 0 0
1939 0 0 1 0 0
1940 0 1 1 0 0
1941 1 0 0 0 0
1942 1 0 0 0 0
1943 0 0 0 0 0
1944 0 1 1 0 0
1945 1 1 1 0 0
1946 0 0 0 0 0
1947 0 1 1 0 0
1948 1 1 1 0 0
1949 0 1 1 0 0
1950 1 1 1 0 0
1951 1 0 1 0 0
1952 0 1 1 0 0
1953 1 1 0 0 0
1954 0 1 0 0 0
1955 0 0 0 0 0
1956 0 0 0 0 0
1957 0 0 1 0 0
1958 0 1 1 0 0
1959 0 1 0 0 0
1960 0 0 1 0 0
1961 0 1 0 0 0
1962 0 1 0 0 0
1963 0 0 0 0 0
1964 0 0 1 0 0
1965 0 1 0 0 0
1966 0 1 1 0 0
1967 0 1 1 0 0
1968 1 0 1 0 0
1969 0 1 1 0 0
1970 1 1 1 0 0
1971 0 1 0 0 0
1972 0 0 0 0 0
1973 0 1 0 0 0
1974 1 0 0 0 0
1975 0 0 1 0 0
1976 0 0 0 0 0
1977 0 1 1 0 0
1978 0 1 1 0 0
1979 1 0 1 0 0
1980 1 1 1 0 0
1981 0 1 0 0 0
1982 1 0 1 0 0
1983 1 0 0 0 0
1984 1 1 0 0 0
1985 0 0 0 0 0
1986 0 1 0 0 0
1987 0 1 0 0 0
1988 0 0 0 0 0
1989 1 1 1 0 0
1990 0 1 1 0 0
1991 0 1 0 0 0
1992 1 0 0 0 0
1993 1 1 1 0 0
1994 0 1 1 0 0
1995 0 1 1 0 0
1996 1 1 1 0 0
1997 0 1 0 0 0
1998 0 1 1 0 0
1999 0 0 0 0 0
2000 0 1 1 0 0
2001 0 1 0 0 0
2002 1 1 0 0 0
2003 0 1 0 0 0
2004 0 1 0 0 0
2005 0 0 0 0 0
2006 0 1 0 0 0
2007 0 1 1 0 0
2008 0 0 1 0 0
2009 0 0 1 0 0
2010 0 0 0 0 0
2011 0 0 0 0 0
2012 0 0 0 0 0
2013 0 1 1 0 0
2014 0 0 0 0 0
2015 0 1 1 0 0
2016 0 1 0 0 0
2017 0 1 1 0 0
2018 0 1 0 0 0
2019 0 0 0 0 0
2020 0 1 1 0 0
2021 0 0 0 0 0
2022 0 1 1 0 0
2023 1 0 0 0 0
2024 1 1 0 0 0
2025 0 0 1 0 0
2026 0 1 0 0 0
2027 1 0 1 0 0
2028 0 1 0 0 0
2029 0 0 0 0 0
2030 0 1 0 0 0
2031 0 1 1 0 0
2032 0 0 1 0 0
2033 1 1 0 0 0
2034 0 0 1 0 0
2035 0 1 0 0 0
2036 0 0 1 0 0
2037 0 1 1 0 0
2038 0 1 0 0 0
2039 0 1 1 0 0
2040 0 0 1 0 0
2041 0 1 1 0 0
2042 1 0 0 0 0
2043 0 1 1 0 0
2044 0 0 1 0 0
2045 1 1 1 0 0
2046 0 1 1 0 0
2047 0 1 0 0 0
2048 0 1 0 0 0
2049 1 1 0 0 0
2050 0 0 1 0 0
2051 1 1 0 0 0
2052 0 0 1 0 0
2053 0 1 1 0 0
2054 0 0 1 0 0
2055 1 0 1 0 0
2056 0 0 1 0 0
2057 1 1 1 0 0
2058 1 1 0 0 0
2059 0 1 1 0 0
2060 1 1 0 0 0
2061 1 1 0 0 0
2062 0 1 0 0 0
2063 0 1 0 0 0
2064 0 0 1 0 0
2065 0 1 0 0 0
2066 0 0 0 0 0
2067 0 1 0 0 0
2068 0 0 1 0 0
2069 0 1 1 0 0
2070 0 1 0 0 0
2071 0 0 1 0 0
2072 0 1 0 0 0
2073 0 1 1 0 0
2074 1 0 0 0 0
2075 0 0 0 0 0
2076 0 1 1 0 0
2077 0 0 1 0 0
2078 0 1 0 0 0
2079 0 1 0 0 0
2080 1 0 0 0 0
2081 0 1 1 0 0
2082 0 0 1 0 0
2083 1 0 1 0 0
2084 0 0 1 0 0
2085 0 1 0 0 0
2086 0 1 0 0 0
2087 0 1 1 0 0
2088 1 1 0 0 0
2089 0 0 0 0 0
2090 0 1 0 0 0
2091 0 1 1 0 0
2092 0 1 1 0 0
2093 0 1 0 0 0
2094 0 1 0 0 0
2095 1 0 0 0 0
2096 0 0 1 0 0
2097 0 1 1 0 0
2098 0 0 0 0 0
2099 1 1 0 0 0
2100 0 0 1 0 0
2101 1 1 1 0 0
2102 0 0 0 0 0
2103 1 1 1 0 0
2104 0 1 1 0 0
2105 0 0 0 0 0
2106 0 1 0 0 0
2107 0 1 1 0 0
2108 0 1 1 0 0
2109 0 1 0 0 0
2110 0 0 0 0 0
2111 1 1 0 0 0
2112 0 1 0 0 0
2113 0 1 0 0 0
2114 0 1 1 0 0
2115 1 1 1 0 0
2116 0 1 0 0 0
2117 0 0 0 0 0
2118 0 0 0 0 0
2119 0 0 0 0 0
2120 0 0 0 0 0
2121 0 1 0 0 0
2122 0 0 1 0 0
2123 0 0 1 0 0
2124 1 1 1 0 0
2125 0 0 0 0 0
2126 0 0 0 0 0
2127 0 1 0 0 0
2128 0 0 0 0 0
2129 0 1 0 0 0
2130 0 0 1 0 0
2131 0 0 1 0 0
2132 0 1 1 0 0
2133 0 1 0 0 0
2134 0 1 1 0 0
2135 0 0 0 0 0
2136 0 1 0 0 0
2137 0 1 0 0 0
2138 1 1 0 0 0
2139 0 1 1 0 0
2140 0 1 1 0 0
2141 0 0 0 0 0
2142 0 0 0 0 0
2143 0 0 0 0 0
2144 0 0 0 0 0
2145 0 1 0 0 0
2146 0 0 0 0 0
2147 0 0 1 0 0
2148 0 1 0 0 0
2149 0 0 0 0 0
2150 1 0 0 0 0
2151 0 0 0 0 0
2152 0 1 1 0 0
2153 0 1 0 0 0
2154 1 0 1 0 0
2155 0 0 0 0 0
2156 0 1 1 0 0
2157 1 0 0 0 0
2158 0 1 0 0 0
2159 0 0 0 0 0
2160 1 1 0 0 0
2161 0 0 0 0 0
2162 0 1 0 0 0
2163 0 1 0 0 0
2164 0 0 0 0 0
2165 0 0 1 0 0
2166 0 0 0 0 0
2167 1 1 0 0 0
2168 0 1 0 0 0
2169 1 1 1 0 0
2170 0 0 0 0 0
2171 0 0 0 0 0
2172 0 1 1 0 0
2173 0 1 1 0 0
2174 0 0 0 0 0
2175 0 1 1 0 0
2176 0 1 0 0 0
2177 1 1 1 0 0
2178 0 0 0 0 0
2179 0 0 0 0 0
2180 0 1 0 0 0
2181 0 1 0 0 0
2182 0 1 1 0 0
2183 0 1 1 0 0
2184 0 1 1 0 0
2185 0 1 1 0 0
2186 0 0 0 0 0
2187 0 0 1 0 0
2188 0 1 0 0 0
2189 0 0 0 0 0
2190 0 0 0 0 0
2191 0 1 0 0 0
2192 0 1 0 0 0
2193 0 0 0 0 0
2194 0 1 0 0 0
2195 0 1 1 0 0
2196 0 1 0 0 0
2197 0 1 0 0 0
2198 0 1 1 0 0
2199 0 0 1 0 0
2200 1 0 0 0 0
2201 0 0 1 0 0
2202 0 0 0 0 0
2203 0 0 0 0 0
2204 0 1 0 0 0
2205 0 1 0 0 0
2206 0 1 1 0 0
2207 0 1 1 0 0
2208 1 0 0 0 0
2209 0 0 0 0 0
2210 0 1 0 0 0
2211 1 1 0 0 0
2212 0 1 1 0 0
2213 0 1 0 0 0
2214 0 1 0 0 0
2215 1 0 1 0 0
2216 0 0 0 0 0
2217 0 0 1 0 0
2218 1 1 1 0 0
2219 1 0 1 0 0
2220 0 1 0 0 0
2221 0 1 0 0 0
2222 1 1 1 0 0
2223 0 0 1 0 0
2224 0 0 0 0 0
2225 0 0 1 0 0
2226 1 1 0 0 0
2227 0 0 0 0 0
2228 0 1 0 0 0
2229 0 1 1 0 0
2230 1 1 1 0 0
2231 0 1 1 0 0
2232 0 0 1 0 0
2233 0 1 1 0 0
2234 0 1 1 0 0
2235 0 0 0 0 0
2236 0 0 1 0 0
2237 0 1 0 0 0
2238 0 0 0 0 0
2239 1 1 1 0 0
2240 0 0 1 0 0
2241 1 1 0 0 0
2242 1 1 0 0 0
2243 0 0 0 0 0
2244 0 0 1 0 0
2245 1 0 0 0 0
2246 1 1 0 0 0
2247 0 1 1 0 0
2248 0 1 0 0 0
2249 0 0 0 0 0
2250 0 0 0 0 0
2251 0 0 0 0 0
2252 0 1 0 0 0
2253 0 1 1 0 0
2254 0 0 0 0 0
2255 0 1 0 0 0
2256 0 1 0 0 0
2257 0 1 1 0 0
2258 0 1 0 0 0
2259 0 1 1 0 0
2260 0 0 0 0 0
2261 0 1 0 0 0
2262 0 0 0 0 0
2263 0 1 1 0 0
2264 0 1 1 0 0
2265 0 1 0 0 0
2266 0 1 1 0 0
2267 0 1 0 0 0
2268 0 0 0 0 0
2269 0 0 1 0 0
2270 0 1 0 0 0
2271 0 0 0 0 0
2272 0 0 0 0 0
2273 1 1 0 0 0
2274 0 0 0 0 0
2275 0 1 1 0 0
2276 0 0 1 0 0
2277 0 0 1 0 0
2278 0 1 0 0 0
2279 0 1 0 0 0
2280 0 0 1 0 0
2281 0 1 0 0 0
2282 0 1 0 0 0
2283 0 0 1 0 0
2284 0 0 1 0 0
2285 0 1 1 0 0
2286 0 1 0 0 0
2287 0 1 0 0 0
2288 0 0 0 0 0
2289 0 1 0 0 0
2290 0 1 1 0 0
2291 0 1 1 0 0
2292 0 1 1 0 0
2293 0 1 0 0 0
2294 0 1 1 0 0
2295 0 0 0 0 0
2296 0 0 1 0 0
2297 1 1 1 0 0
2298 1 1 0 0 0
2299 1 0 1 0 0
2300 0 1 0 0 0
2301 1 1 1 0 0
2302 1 1 1 0 0
2303 0 1 1 0 0
2304 0 1 0 0 0
2305 0 0 0 0 0
2306 0 1 1 0 0
2307 0 0 0 0 0
2308 0 1 1 0 0
2309 0 0 0 0 0
2310 0 1 0 0 0
2311 0 1 1 0 0
2312 0 1 0 0 0
2313 0 1 1 0 0
2314 0 0 1 0 0
2315 0 1 0 0 0
2316 0 0 1 0 0
2317 0 1 1 0 0
2318 0 1 0 0 0
2319 0 1 1 0 0
2320 0 1 1 0 0
2321 0 0 0 0 0
2322 1 1 0 0 0
2323 1 0 1 0 0
2324 0 0 1 0 0
2325 0 1 1 0 0
2326 0 0 0 0 0
2327 0 1 0 0 0
2328 1 1 0 0 0
2329 0 0 0 0 0
2330 0 0 0 0 0
2331 0 0 0 0 0
2332 0 1 1 0 0
2333 0 0 0 0 0
2334 0 0 0 0 0
2335 1 0 0 0 0
2336 0 1 0 0 0
2337 0 1 1 0 0
2338 0 1 0 0 0
2339 0 0 1 0 0
2340 1 0 0 0 0
2341 1 1 1 0 0
2342 0 1 1 0 0
2343 0 1 0 0 0
2344 0 1 1 0 0
2345 0 1 1 0 0
2346 0 0 0 0 0
2347 0 1 1 0 0
2348 0 0 1 0 0
2349 0 1 0 0 0
2350 0 1 0 0 0
2351 0 0 0 0 0
2352 0 1 0 0 0
2353 1 0 1 0 0
2354 0 1 0 0 0
2355 1 1 1 0 0
2356 0 0 1 0 0
2357 0 0 1 0 0
2358 0 1 0 0 0
2359 0 1 1 0 0
2360 1 1 0 0 0
2361 0 0 1 0 0
2362 0 1 0 0 0
2363 0 1 1 0 0
2364 1 0 1 0 0
2365 0 1 0 0 0
2366 0 0 1 0 0
2367 0 1 0 0 0
2368 0 0 1 0 0
2369 0 1 0 0 0
2370 0 1 0 0 0
2371 1 0 0 0 0
2372 0 0 0 0 0
2373 0 0 1 0 0
2374 0 1 1 0 0
2375 0 1 0 0 0
2376 0 1 0 0 0
2377 0 1 1 0 0
2378 0 1 0 0 0
2379 1 1 1 0 0
2380 1 1 1 0 0
2381 0 1 0 0 0
2382 0 0 1 0 0
2383 0 0 1 0 0
2384 0 0 0 0 0
2385 0 1 1 0 0
2386 0 0 1 0 0
2387 0 0 0 0 0
2388 0 1 0 0 0
2389 0 0 1 0 0
2390 1 1 0 0 0
2391 0 1 0 0 0
2392 0 1 0 0 0
2393 0 1 0 0 0
2394 1 0 1 0 0
2395 0 0 0 0 0
2396 0 0 0 0 0
2397 1 1 1 0 0
2398 0 0 1 0 0
2399 0 0 1 0 0
2400 0 1 1 0 0
2401 0 1 0 0 0
2402 0 0 1 0 0
2403 0 1 0 0 0
2404 0 1 0 0 0
2405 1 1 1 0 0
2406 0 0 0 0 0
2407 0 0 0 0 0
2408 0 1 1 0 0
2409 0 0 0 0 0
2410 0 0 1 0 0
2411 1 0 1 0 0
2412 0 0 1 0 0
2413 0 1 1 0 0
2414 1 1 0 0 0
2415 0 1 0 0 0
2416 0 1 0 0 0
2417 1 1 1 0 0
2418 0 1 0 0 0
2419 1 1 0 0 0
2420 0 1 0 0 0
2421 0 1 1 0 0
2422 0 0 0 0 0
2423 1 0 1 0 0
2424 0 0 1 0 0
2425 0 1 0 0 0
2426 0 1 1 0 0
2427 0 1 1 0 0
2428 0 1 0 0 0
2429 0 1 0 0 0
2430 0 1 1 0 0
2431 0 0 1 0 0
2432 0 0 1 0 0
2433 1 0 1 0 0
2434 1 1 1 0 0
2435 1 1 1 0 0
2436 0 1 1 0 0
2437 0 1 1 0 0
2438 0 0 1 0 0
2439 1 1 1 0 0
2440 0 1 0 0 0
2441 0 0 1 0 0
2442 0 0 1 0 0
2443 0 0 0 0 0
2444 0 0 0 0 0
2445 0 0 0 0 0
2446 0 0 0 0 0
2447 1 1 0 0 0
2448 0 0 1 0 0
2449 0 1 1 0 0
2450 1 1 1 0 0
2451 0 0 1 0 0
2452 0 1 1 0 0
2453 0 1 1 0 0
2454 0 1 1 0 0
2455 0 1 1 0 0
2456 1 1 0 0 0
2457 0 1 0 0 0
2458 0 1 0 0 0
2459 0 0 0 0 0
2460 0 1 0 0 0
2461 0 1 0 0 0
2462 1 1 0 0 0
2463 0 0 0 0 0
2464 0 0 1 0 0
2465 0 1 0 0 0
2466 1 1 1 0 0
2467 0 0 1 0 0
2468 0 0 1 0 0
2469 0 0 1 0 0
2470 0 1 0 0 0
2471 0 1 1 0 0
2472 0 1 0 0 0
2473 0 0 0 0 0
2474 0 1 0 0 0
2475 1 0 0 0 0
2476 0 0 1 0 0
2477 0 1 1 0 0
2478 0 1 0 0 0
2479 0 1 0 0 0
2480 0 1 1 0 0
2481 0 1 0 0 0
2482 0 1 1 0 0
2483 0 1 1 0 0
2484 0 1 0 0 0
2485 0 1 0 0 0
2486 0 1 0 0 0
2487 0 0 0 0 0
2488 0 0 1 0 0
2489 0 1 0 0 0
2490 0 0 1 0 0
2491 0 1 1 0 0
2492 0 1 1 0 0
2493 1 1 0 0 0
2494 0 1 0 0 0
2495 0 0 0 0 0
2496 0 1 0 0 0
2497 0 0 0 0 0
2498 1 1 0 0 0
2499 0 1 0 0 0
2500 0 0 1 0 0
2501 0 1 1 0 0
2502 0 0 1 0 0
2503 0 1 1 0 0
2504 0 0 0 0 0
2505 1 0 1 0 0
2506 0 1 0 0 0
2507 0 0 0 0 0
2508 1 1 0 0 0
2509 0 1 1 0 0
2510 0 1 1 0 0
2511 0 1 1 0 0
2512 0 0 0 0 0
2513 0 0 1 0 0
2514 1 1 1 0 0
2515 0 1 1 0 0
2516 1 1 0 0 0
2517 0 0 0 0 0
2518 0 1 0 0 0
2519 0 0 0 0 0
2520 0 0 1 0 0
2521 0 1 0 0 0
2522 1 1 0 0 0
2523 0 0 0 0 0
2524 1 0 0 0 0
2525 0 0 1 0 0
2526 0 0 1 0 0
2527 0 0 0 0 0
2528 0 0 0 0 0
2529 0 1 0 0 0
2530 0 0 1 0 0
2531 0 0 1 0 0
2532 1 0 1 0 0
2533 0 1 0 0 0
2534 0 0 1 0 0
2535 1 1 1 0 0
2536 0 0 1 0 0
2537 0 0 0 0 0
2538 0 0 0 0 0
2539 0 1 0 0 0
2540 0 1 0 0 0
2541 0 0 1 0 0
2542 0 1 0 0 0
2543 0 1 0 0 0
2544 0 1 1 0 0
2545 0 1 0 0 0
2546 1 1 1 0 0
2547 1 0 0 0 0
2548 0 0 0 0 0
2549 0 0 1 0 0
2550 0 1 0 0 0
2551 0 1 1 0 0
2552 0 1 1 0 0
2553 1 1 1 0 0
2554 0 0 0 0 0
2555 0 1 0 0 0
2556 0 0 0 0 0
2557 0 1 1 0 0
2558 0 1 0 0 0
2559 0 1 1 0 0
2560 0 1 0 0 0
2561 0 1 1 0 0
2562 0 1 0 0 0
2563 0 1 1 0 0
2564 0 0 0 0 0
2565 0 1 1 0 0
2566 0 0 1 0 0
2567 0 1 0 0 0
2568 1 0 1 0 0
2569 1 1 0 0 0
2570 1 0 1 0 0
2571 0 1 0 0 0
2572 0 0 1 0 0
2573 1 1 1 0 0
2574 0 1 1 0 0
2575 0 1 0 0 0
2576 0 0 1 0 0
2577 0 0 0 0 0
2578 1 0 0 0 0
2579 0 1 1 0 0
2580 0 1 1 0 0
2581 1 1 1 0 0
2582 0 1 0 0 0
2583 0 1 0 0 0
2584 0 1 0 0 0
2585 0 0 0 0 0
2586 0 1 0 0 0
2587 0 1 1 0 0
2588 0 0 0 0 0
2589 0 0 1 0 0
2590 0 0 1 0 0
2591 0 1 1 0 0
2592 1 1 0 0 0
2593 0 1 0 0 0
2594 0 1 1 0 0
2595 0 0 0 0 0
2596 0 1 1 0 0
2597 0 0 1 0 0
2598 1 1 1 0 0
2599 0 1 0 0 0
2600 0 0 1 0 0
2601 0 1 1 0 0
2602 0 1 0 0 0
2603 1 0 0 0 0
2604 0 0 0 0 0
2605 0 0 0 0 0
2606 0 1 1 0 0
2607 0 1 1 0 0
2608 1 1 0 0 0
2609 0 0 1 0 0
2610 0 0 1 0 0
2611 1 1 1 0 0
2612 0 1 0 0 0
2613 0 1 1 0 0
2614 1 0 1 0 0
2615 0 1 0 0 0
2616 0 0 1 0 0
2617 0 0 0 0 0
2618 0 0 0 0 0
2619 0 1 0 0 0
2620 0 1 1 0 0
2621 1 1 1 0 0
2622 1 0 0 0 0
2623 1 0 0 0 0
2624 0 1 1 0 0
2625 0 1 0 0 0
2626 0 0 1 0 0
2627 0 1 0 0 0
2628 0 1 1 0 0
2629 0 0 0 0 0
2630 1 1 1 0 0
2631 0 0 1 0 0
2632 0 1 1 0 0
2633 0 1 0 0 0
2634 1 0 1 0 0
2635 0 1 1 0 0
2636 0 0 1 0 0
2637 0 1 1 0 0
2638 0 1 0 0 0
2639 0 1 1 0 0
2640 0 1 0 0 0
2641 1 0 0 0 0
2642 0 0 1 0 0
2643 0 0 0 0 0
2644 0 1 0 0 0
2645 0 1 0 0 0
2646 0 0 1 0 0
2647 0 0 1 0 0
2648 0 1 1 0 0
2649 0 1 0 0 0
2650 0 1 1 0 0
2651 1 1 0 0 0
2652 0 1 0 0 0
2653 0 0 1 0 0
2654 0 0 0 0 0
2655 0 1 0 0 0
2656 0 0 0 0 0
2657 0 1 0 0 0
2658 0 1 1 0 0
2659 0 0 1 0 0
2660 0 1 1 0 0
2661 0 0 0 0 0
2662 0 1 1 0 0
2663 0 0 1 0 0
2664 0 1 0 0 0
2665 0 1 1 0 0
2666 0 0 1 0 0
2667 0 0 0 0 0
2668 0 1 1 0 0
2669 1 1 0 0 0
2670 0 1 1 0 0
2671 0 1 0 0 0
2672 0 1 1 0 0
2673 0 1 1 0 0
2674 1 0 0 0 0
2675 0 1 0 0 0
2676 0 1 0 0 0
2677 0 1 0 0 0
2678 0 1 0 0 0
2679 0 0 1 0 0
2680 0 0 1 0 0
2681 0 1 0 0 0
2682 0 1 0 0 0
2683 0 0 1 0 0
2684 1 0 1 0 0
2685 0 1 0 0 0
2686 1 1 0 0 0
2687 0 1 0 0 0
2688 0 1 1 0 0
2689 1 1 1 0 0
2690 0 1 0 0 0
2691 1 1 0 0 0
2692 0 0 1 0 0
2693 0 1 1 0 0
2694 0 1 1 0 0
2695 0 0 0 0 0
2696 1 1 0 0 0
2697 1 1 0 0 0
2698 0 0 0 0 0
2699 1 1 0 0 0
2700 1 1 0 0 0
2701 0 0 1 0 0
2702 0 1 0 0 0
2703 0 0 1 0 0
2704 0 0 0 0 0
2705 0 1 1 0 0
2706 0 0 0 0 0
2707 0 1 0 0 0
2708 0 0 1 0 0
2709 0 0 0 0 0
2710 0 1 0 0 0
2711 1 0 0 0 0
2712 0 0 1 0 0
2713 0 1 1 0 0
2714 0 1 1 0 0
2715 0 1 0 0 0
2716 0 1 0 0 0
2717 0 0 1 0 0
2718 0 1 0 0 0
2719 0 0 1 0 0
2720 0 1 1 0 0
2721 1 1 1 0 0
2722 0 0 1 0 0
2723 0 1 0 0 0
2724 0 0 1 0 0
2725 0 1 0 0 0
2726 0 1 1 0 0
2727 0 0 1 0 0
2728 0 1 0 0 0
2729 0 1 0 0 0
2730 0 1 0 0 0
2731 0 0 1 0 0
2732 1 1 1 0 0
2733 0 0 0 0 0
